1,36
10,30
100,33
1000,28
1001,27
1002,36
1003,32
1004,36
1005,22
1006,17
1007,17
1008,27
1009,36
101,17
1010,22
1011,35
1012,36
1013,35
1014,30
1015,25
1016,28
1017,26
1018,20
1019,33
102,25
1020,26
1021,15
1022,26
1023,25
1024,36
1025,31
1026,22
1027,22
1028,35
1029,21
103,37
1030,25
1031,36
1032,31
1033,36
1034,37
1035,25
1036,22
1037,37
1038,22
1039,25
104,37
1040,35
1041,33
1042,37
1043,26
1044,33
1045,37
1046,12
1047,17
1048,36
1049,37
105,22
1050,33
1051,22
1052,33
1053,25
1054,28
1055,12
1056,27
1057,22
1058,35
1059,35
106,22
1060,32
1061,32
1062,17
1063,17
1064,22
1065,36
1066,20
1067,21
1068,35
1069,36
107,31
1070,22
1071,22
1072,36
1073,36
1074,12
1075,37
1076,26
1077,28
1078,12
1079,22
108,32
1080,16
1081,37
1082,21
1083,21
1084,33
1085,35
1086,36
1087,28
1088,25
1089,22
109,21
1090,22
1091,37
1092,37
1093,36
1094,30
1095,17
1096,20
1097,22
1098,31
1099,20
11,17
110,21
1100,15
1101,22
1102,32
1103,32
1104,30
1105,25
1106,17
1107,35
1108,28
1109,26
111,36
1110,30
1111,37
1112,37
1113,36
1114,25
1115,37
1116,35
1117,11
1118,36
1119,27
112,22
1120,26
1121,36
1122,35
1123,35
1124,26
1125,35
1126,17
1127,32
1128,22
1129,27
113,26
1130,17
1131,37
1132,11
1133,16
1134,26
1135,22
1136,33
1137,35
1138,35
1139,12
114,36
1140,25
1141,32
1142,17
1143,37
1144,11
1145,37
1146,22
1147,20
1148,33
1149,22
115,36
1150,15
1151,26
1152,21
1153,32
1154,12
1155,33
1156,31
1157,26
1158,22
1159,26
116,32
1160,27
1161,21
1162,28
1163,37
1164,26
1165,37
1166,36
1167,20
1168,12
1169,35
117,30
1170,30
1171,37
1172,36
1173,11
1174,35
1175,33
1176,17
1177,21
1178,17
1179,27
118,36
1180,33
1181,22
1182,33
1183,22
1184,21
1185,22
1186,26
1187,32
1188,36
1189,37
119,16
1190,26
1191,36
1192,35
1193,25
1194,20
1195,12
1196,25
1197,33
1198,22
1199,12
12,16
120,37
1200,36
1201,25
1202,37
1203,17
1204,33
1205,17
1206,15
1207,28
1208,35
1209,22
121,32
1210,25
1211,37
1212,22
1213,35
1214,25
1215,11
1216,35
1217,22
1218,30
1219,28
122,22
1220,25
1221,25
1222,25
1223,36
1224,35
1225,36
1226,30
1227,22
1228,20
1229,30
123,32
1230,28
1231,37
1232,30
1233,22
1234,33
1235,15
1236,26
1237,31
1238,11
1239,28
124,35
1240,12
1241,33
1242,26
1243,35
1244,33
1245,27
1246,25
1247,37
1248,22
1249,35
125,17
1250,16
1251,32
1252,36
1253,17
1254,21
1255,11
1256,28
1257,25
1258,12
1259,37
126,36
1260,28
1261,22
1262,26
1263,16
1264,32
1265,35
1266,27
1267,35
1268,26
1269,22
127,12
1270,15
1271,22
1272,28
1273,25
1274,31
1275,16
1276,36
1277,22
1278,22
1279,26
128,31
1280,21
1281,12
1282,17
1283,17
1284,26
1285,27
1286,26
1287,37
1288,25
1289,37
129,25
1290,33
1291,25
1292,11
1293,27
1294,21
1295,37
1296,36
1297,22
1298,25
1299,35
13,35
130,22
1300,37
1301,37
1302,36
1303,22
1304,16
1305,22
1306,37
1307,21
1308,15
1309,30
131,26
1310,31
1311,22
1312,37
1313,22
1314,26
1315,32
1316,26
1317,31
1318,30
1319,22
132,26
1320,32
1321,37
1322,36
1323,15
1324,16
1325,35
1326,36
1327,16
1328,32
1329,37
133,37
1330,37
1331,21
1332,30
1333,25
1334,25
1335,35
1336,26
1337,31
1338,35
1339,35
134,31
1340,30
1341,26
1342,33
1343,30
1344,21
1345,35
1346,30
1347,22
1348,37
1349,28
135,21
1350,21
1351,16
1352,20
1353,36
1354,25
1355,30
1356,21
1357,26
1358,28
1359,25
136,36
1360,11
1361,25
1362,22
1363,37
1364,26
1365,33
1366,37
1367,21
1368,31
1369,11
137,16
1370,31
1371,36
1372,20
1373,16
1374,22
1375,37
1376,27
1377,21
1378,31
1379,15
138,21
1380,35
1381,15
1382,12
1383,28
1384,16
1385,28
1386,12
1387,22
1388,37
1389,11
139,12
1390,33
1391,15
1392,37
1393,22
1394,32
1395,27
1396,37
1397,31
1398,36
1399,22
14,16
140,22
1400,26
1401,15
1402,31
1403,36
1404,35
1405,20
1406,12
1407,17
1408,31
1409,36
141,25
1410,22
1411,12
1412,16
1413,33
1414,33
1415,33
1416,35
1417,37
1418,37
1419,28
142,37
1420,25
1421,27
1422,27
1423,22
1424,33
1425,30
1426,16
1427,17
1428,36
1429,36
143,31
1430,31
1431,25
1432,36
1433,28
1434,37
1435,33
1436,22
1437,37
1438,37
1439,22
144,25
1440,26
1441,36
1442,20
1443,35
1444,17
1445,16
1446,32
1447,25
1448,37
1449,37
145,31
1450,37
1451,37
1452,25
1453,36
1454,22
1455,28
1456,22
1457,35
1458,17
1459,33
146,22
1460,27
1461,32
1462,30
1463,25
1464,21
1465,31
1466,33
1467,22
1468,21
1469,37
147,22
1470,35
1471,11
1472,22
1473,36
1474,25
1475,32
1476,27
1477,31
1478,25
1479,12
148,36
1480,16
1481,25
1482,32
1483,37
1484,30
1485,30
1486,12
1487,22
1488,15
1489,31
149,36
1490,22
1491,26
1492,28
1493,37
1494,16
1495,26
1496,33
1497,22
1498,25
1499,33
15,36
150,26
1500,12
1501,32
1502,12
1503,20
1504,28
1505,27
1506,26
1507,17
1508,28
1509,35
151,11
1510,35
1511,30
1512,37
1513,35
1514,31
1515,35
1516,21
1517,28
1518,27
1519,27
152,37
1520,35
1521,36
1522,17
1523,22
1524,27
1525,21
1526,28
1527,25
1528,36
1529,25
153,31
1530,35
1531,22
1532,27
1533,27
1534,17
1535,28
1536,16
1537,36
1538,32
1539,37
154,28
1540,36
1541,22
1542,32
1543,36
1544,31
1545,26
1546,12
1547,32
1548,35
1549,36
155,36
1550,27
1551,35
1552,32
1553,37
1554,20
1555,37
1556,20
1557,37
1558,25
1559,22
156,35
1560,37
1561,37
1562,32
1563,17
1564,37
1565,16
1566,15
1567,17
1568,37
1569,27
157,35
1570,16
1571,26
1572,30
1573,30
1574,36
1575,27
1576,35
1577,16
1578,11
1579,22
158,28
1580,25
1581,37
1582,27
1583,27
1584,20
1585,28
1586,15
1587,32
1588,36
1589,33
159,27
1590,36
1591,20
1592,17
1593,30
1594,15
1595,35
1596,37
1597,31
1598,37
1599,28
16,27
160,25
1600,36
1601,36
1602,30
1603,31
1604,25
1605,35
1606,35
1607,32
1608,22
1609,27
161,22
1610,37
1611,37
1612,21
1613,36
1614,36
1615,35
1616,22
1617,26
1618,26
1619,25
162,26
1620,33
1621,17
1622,12
1623,37
1624,22
1625,36
1626,15
1627,35
1628,16
1629,21
163,37
1630,26
1631,37
1632,37
1633,31
1634,30
1635,27
1636,22
1637,37
1638,22
1639,37
164,22
1640,27
1641,26
1642,36
1643,36
1644,12
1645,25
1646,28
1647,30
1648,25
1649,25
165,20
1650,22
1651,37
1652,22
1653,22
1654,17
1655,16
1656,16
1657,26
1658,17
1659,31
166,35
1660,12
1661,27
1662,33
1663,27
1664,22
1665,31
1666,22
1667,36
1668,28
1669,35
167,20
1670,15
1671,22
1672,22
1673,22
1674,25
1675,30
1676,21
1677,26
1678,25
1679,17
168,37
1680,26
1681,37
1682,30
1683,25
1684,17
1685,17
1686,33
1687,35
1688,25
1689,17
169,26
1690,21
1691,21
1692,11
1693,32
1694,25
1695,31
1696,36
1697,25
1698,32
1699,35
17,30
170,22
1700,15
1701,21
1702,33
1703,37
1704,31
1705,16
1706,17
1707,20
1708,28
1709,11
171,28
1710,12
1711,22
1712,17
1713,20
1714,30
1715,30
1716,28
1717,26
1718,11
1719,22
172,37
1720,33
1721,37
1722,27
1723,31
1724,37
1725,30
1726,37
1727,30
1728,26
1729,37
173,25
1730,32
1731,37
1732,33
1733,27
1734,37
1735,30
1736,35
1737,37
1738,22
1739,27
174,31
1740,31
1741,28
1742,27
1743,16
1744,28
1745,37
1746,26
1747,27
1748,36
1749,22
175,30
1750,36
1751,37
1752,37
1753,22
1754,35
1755,36
1756,22
1757,22
1758,36
1759,16
176,35
1760,30
1761,15
1762,27
1763,37
1764,21
1765,36
1766,37
1767,31
1768,35
1769,37
177,37
1770,26
1771,37
1772,36
1773,22
1774,30
1775,36
1776,25
1777,33
1778,33
1779,36
178,32
1780,36
1781,27
1782,25
1783,25
1784,37
1785,15
1786,17
1787,36
1788,27
1789,37
179,26
1790,37
1791,32
1792,37
1793,36
1794,30
1795,25
1796,33
1797,33
1798,31
1799,32
18,37
180,22
1800,21
1801,31
1802,26
1803,33
1804,32
1805,30
1806,26
1807,35
1808,22
1809,22
181,26
1810,30
1811,17
1812,37
1813,22
1814,31
1815,37
1816,20
1817,25
1818,26
1819,25
182,26
1820,30
1821,25
1822,30
1823,22
1824,20
1825,17
1826,27
1827,22
1828,26
1829,17
183,20
1830,26
1831,31
1832,15
1833,22
1834,17
1835,22
1836,36
1837,25
1838,37
1839,20
184,35
1840,37
1841,22
1842,36
1843,25
1844,35
1845,16
1846,28
1847,25
1848,37
1849,31
185,31
1850,25
1851,37
1852,17
1853,26
1854,27
1855,27
1856,31
1857,12
1858,37
1859,22
186,32
1860,22
1861,20
1862,25
1863,21
1864,37
1865,37
1866,11
1867,37
1868,22
1869,26
187,15
1870,25
1871,37
1872,33
1873,28
1874,22
1875,37
1876,25
1877,36
1878,35
1879,27
188,36
1880,31
1881,25
1882,22
1883,37
1884,26
1885,37
1886,25
1887,26
1888,26
1889,35
189,36
1890,22
1891,37
1892,37
1893,37
1894,30
1895,36
1896,31
1897,36
1898,11
1899,31
19,33
190,28
1900,27
1901,22
1902,35
1903,21
1904,36
1905,22
1906,30
1907,28
1908,26
1909,17
191,30
1910,35
1911,25
1912,31
1913,37
1914,22
1915,36
1916,30
1917,16
1918,26
1919,12
192,20
1920,33
1921,15
1922,32
1923,27
1924,11
1925,36
1926,30
1927,25
1928,33
1929,26
193,25
1930,37
1931,22
1932,17
1933,28
1934,35
1935,33
1936,35
1937,37
1938,11
1939,21
194,31
1940,32
1941,36
1942,17
1943,25
1944,30
1945,31
1946,37
1947,36
1948,25
1949,22
195,33
1950,28
1951,33
1952,32
1953,15
1954,36
1955,17
1956,17
1957,22
1958,22
1959,36
196,22
1960,20
1961,22
1962,30
1963,32
1964,22
1965,22
1966,36
1967,17
1968,17
1969,11
197,17
1970,12
1971,33
1972,22
1973,37
1974,17
1975,35
1976,25
1977,32
1978,22
1979,37
198,31
1980,22
1981,17
1982,37
1983,37
1984,27
1985,21
1986,20
1987,37
1988,27
1989,32
199,33
1990,16
1991,16
1992,26
1993,22
1994,33
1995,12
1996,25
1997,26
1998,36
1999,36
2,37
20,30
200,22
2000,33
2001,36
2002,36
2003,37
2004,37
2005,37
2006,37
2007,20
2008,26
2009,12
201,28
2010,12
2011,37
2012,28
2013,21
2014,11
2015,20
2016,36
2017,20
2018,31
2019,12
202,25
2020,12
2021,37
2022,37
2023,35
2024,25
2025,35
2026,37
2027,20
2028,35
2029,36
203,35
2030,37
2031,30
2032,22
2033,32
2034,35
2035,15
2036,37
2037,22
2038,17
2039,36
204,37
2040,36
2041,33
2042,36
2043,30
2044,16
2045,30
2046,16
2047,37
2048,15
2049,36
205,22
2050,37
2051,36
2052,37
2053,22
2054,35
2055,37
2056,36
2057,36
2058,16
2059,25
206,31
2060,26
2061,33
2062,25
2063,27
2064,26
2065,21
2066,35
2067,22
2068,20
2069,25
207,36
2070,17
2071,11
2072,15
2073,35
2074,37
2075,37
2076,32
2077,12
2078,37
2079,35
208,22
2080,36
2081,15
2082,35
2083,22
2084,25
2085,22
2086,12
2087,25
2088,26
2089,16
209,21
2090,12
2091,15
2092,36
2093,20
2094,31
2095,30
2096,25
2097,17
2098,17
2099,21
21,25
210,36
2100,20
2101,26
2102,11
2103,25
2104,15
2105,37
2106,12
2107,32
2108,15
2109,27
211,25
2110,27
2111,11
2112,27
2113,36
2114,21
2115,20
2116,25
2117,22
2118,30
2119,25
212,22
2120,33
2121,22
2122,25
2123,17
2124,37
2125,33
2126,37
2127,25
2128,30
2129,33
213,31
2130,35
2131,15
2132,28
2133,35
2134,12
2135,37
2136,36
2137,17
2138,31
2139,28
214,22
2140,36
2141,30
2142,25
2143,37
2144,28
2145,22
2146,32
2147,30
2148,26
2149,27
215,37
2150,26
2151,25
2152,35
2153,21
2154,35
2155,36
2156,27
2157,31
2158,25
2159,32
216,22
2160,37
2161,25
2162,35
2163,35
2164,15
2165,25
2166,22
2167,25
2168,35
2169,12
217,21
2170,25
2171,25
2172,37
2173,25
2174,26
2175,22
2176,15
2177,33
2178,27
2179,37
218,26
2180,37
2181,30
2182,25
2183,21
2184,36
2185,37
2186,33
2187,25
2188,25
2189,22
219,25
2190,27
2191,27
2192,28
2193,37
2194,32
2195,25
2196,30
2197,31
2198,32
2199,36
22,37
220,36
2200,25
2201,22
2202,25
2203,22
2204,35
2205,20
2206,12
2207,37
2208,22
2209,27
221,37
2210,36
2211,27
2212,37
2213,22
2214,25
2215,21
2216,36
2217,16
2218,25
2219,36
222,20
2220,26
2221,28
2222,37
2223,28
2224,35
2225,33
2226,26
2227,28
2228,22
2229,32
223,25
2230,12
2231,20
2232,37
2233,26
2234,36
2235,35
2236,16
2237,33
2238,25
2239,36
224,32
2240,25
2241,26
2242,35
2243,20
2244,25
2245,30
2246,35
2247,37
2248,15
2249,16
225,30
2250,37
2251,33
2252,26
2253,27
2254,33
2255,26
2256,27
2257,36
2258,37
2259,16
226,25
2260,25
2261,27
2262,37
2263,36
2264,28
2265,31
2266,22
2267,25
2268,17
2269,28
227,36
2270,37
2271,25
2272,22
2273,33
2274,36
2275,25
2276,36
2277,32
2278,30
2279,36
228,26
2280,36
2281,35
2282,36
2283,30
2284,32
2285,26
2286,16
2287,17
2288,15
2289,36
229,25
2290,37
2291,35
2292,22
2293,37
2294,22
2295,22
2296,37
2297,17
2298,37
2299,30
23,37
230,36
2300,35
2301,37
2302,37
2303,12
2304,22
2305,30
2306,28
2307,25
2308,37
2309,26
231,36
2310,37
2311,26
2312,36
2313,36
2314,15
2315,28
2316,15
2317,26
2318,36
2319,31
232,17
2320,31
2321,21
2322,11
2323,31
2324,32
2325,21
2326,37
2327,37
2328,37
2329,26
233,17
2330,30
2331,25
2332,37
2333,37
2334,21
2335,28
2336,26
2337,36
2338,37
2339,28
234,28
2340,37
2341,20
2342,37
2343,20
2344,22
2345,36
2346,27
2347,35
2348,16
2349,27
235,37
2350,33
2351,36
2352,26
2353,22
2354,22
2355,15
2356,26
2357,25
2358,21
2359,12
236,36
2360,25
2361,17
2362,37
2363,21
2364,37
2365,36
2366,17
2367,27
2368,21
2369,25
237,33
2370,36
2371,36
2372,26
2373,37
2374,36
2375,22
2376,37
2377,22
2378,35
2379,25
238,33
2380,37
2381,16
2382,22
2383,35
2384,17
2385,36
2386,36
2387,37
2388,35
2389,22
239,33
2390,27
2391,25
2392,37
2393,35
2394,33
2395,31
2396,17
2397,37
2398,17
2399,22
24,31
240,12
2400,20
2401,33
2402,22
2403,22
2404,26
2405,36
2406,25
2407,25
2408,25
2409,26
241,31
2410,17
2411,22
2412,26
2413,12
2414,21
2415,33
2416,22
2417,30
2418,36
2419,31
242,25
2420,35
2421,17
2422,28
2423,11
2424,26
2425,37
2426,28
2427,36
2428,21
2429,22
243,37
2430,31
2431,15
2432,36
2433,12
2434,36
2435,33
2436,32
2437,25
2438,26
2439,25
244,37
2440,35
2441,11
2442,35
2443,37
2444,35
2445,37
2446,27
2447,37
2448,25
2449,21
245,37
2450,22
2451,22
2452,37
2453,25
2454,35
2455,35
2456,22
2457,16
2458,25
2459,26
246,33
2460,22
2461,22
2462,16
2463,22
2464,12
2465,26
2466,37
2467,12
2468,16
2469,16
247,21
2470,21
2471,20
2472,17
2473,15
2474,15
2475,37
2476,36
2477,17
2478,37
2479,12
248,17
2480,36
2481,36
2482,37
2483,36
2484,37
2485,36
2486,30
2487,15
2488,36
2489,35
249,33
2490,37
2491,35
2492,11
2493,35
2494,30
2495,36
2496,22
2497,37
2498,37
2499,12
25,30
250,20
2500,37
2501,22
2502,36
2503,37
2504,37
2505,32
2506,31
2507,36
2508,20
2509,27
251,35
2510,35
2511,22
2512,37
2513,33
2514,26
2515,21
2516,16
2517,37
2518,37
2519,17
252,36
2520,35
2521,37
2522,22
2523,31
2524,16
2525,16
2526,16
2527,36
2528,35
2529,17
253,37
2530,20
2531,25
2532,15
2533,37
2534,25
2535,37
2536,37
2537,25
2538,31
2539,25
254,37
2540,36
2541,35
2542,26
2543,37
2544,31
2545,32
2546,33
2547,37
2548,37
2549,22
255,36
2550,31
2551,30
2552,25
2553,36
2554,36
2555,36
2556,27
2557,37
2558,28
2559,36
256,20
2560,36
2561,17
2562,35
2563,28
2564,21
2565,37
2566,37
2567,31
2568,37
2569,36
257,36
2570,28
2571,36
2572,16
2573,30
2574,17
2575,22
2576,17
2577,37
2578,21
2579,22
258,33
2580,36
2581,26
2582,33
2583,37
2584,12
2585,27
2586,30
2587,17
2588,27
2589,25
259,12
2590,22
2591,22
2592,37
2593,31
2594,37
2595,37
2596,36
2597,28
2598,17
2599,37
26,35
260,17
2600,37
2601,36
2602,26
2603,37
2604,16
2605,33
2606,30
2607,20
2608,25
2609,30
261,32
2610,26
2611,21
2612,37
2613,36
2614,27
2615,26
2616,35
2617,37
2618,31
2619,12
262,25
2620,35
2621,37
2622,35
2623,22
2624,30
2625,36
2626,37
2627,31
2628,22
2629,36
263,25
2630,28
2631,20
2632,37
2633,32
2634,36
2635,36
2636,27
2637,36
2638,25
2639,17
264,35
2640,37
2641,36
2642,26
2643,35
2644,33
2645,31
2646,36
2647,20
2648,26
2649,32
265,28
2650,37
2651,35
2652,17
2653,37
2654,22
2655,22
2656,37
2657,17
2658,31
2659,28
266,31
2660,36
2661,25
2662,36
2663,27
2664,27
2665,25
2666,25
2667,25
2668,30
2669,17
267,25
2670,37
2671,35
2672,22
2673,21
2674,30
2675,36
2676,22
2677,35
2678,36
2679,28
268,37
2680,26
2681,22
2682,35
2683,28
2684,37
2685,15
2686,35
2687,17
2688,25
2689,25
269,35
2690,25
2691,22
2692,37
2693,37
2694,12
2695,37
2696,22
2697,37
2698,16
2699,25
27,37
270,35
2700,25
2701,37
2702,30
2703,22
2704,36
2705,37
2706,21
2707,25
2708,32
2709,25
271,33
2710,33
2711,35
2712,37
2713,31
2714,37
2715,36
2716,22
2717,22
2718,26
2719,37
272,36
2720,27
2721,31
2722,20
2723,30
2724,30
2725,11
2726,33
2727,37
2728,37
2729,33
273,35
2730,36
2731,37
2732,30
2733,22
2734,36
2735,16
2736,28
2737,37
2738,37
2739,37
274,30
2740,15
2741,17
2742,27
2743,35
2744,17
2745,16
2746,22
2747,22
2748,36
2749,25
275,36
2750,11
2751,22
2752,26
2753,36
2754,26
2755,12
2756,25
2757,37
2758,37
2759,17
276,22
2760,22
2761,25
2762,32
2763,35
2764,20
2765,28
2766,20
2767,25
2768,25
2769,15
277,37
2770,25
2771,17
2772,35
2773,17
2774,32
2775,27
2776,27
2777,17
2778,25
2779,37
278,35
2780,20
2781,25
2782,31
2783,22
2784,37
2785,11
2786,27
2787,20
2788,37
2789,26
279,35
2790,17
2791,25
2792,22
2793,11
2794,16
2795,20
2796,16
2797,30
2798,25
2799,22
28,25
280,27
2800,12
2801,20
2802,12
2803,25
2804,37
2805,21
2806,35
2807,20
2808,25
2809,25
281,25
2810,37
2811,36
2812,35
2813,36
2814,37
2815,30
2816,35
2817,25
2818,16
2819,15
282,22
2820,26
2821,37
2822,37
2823,26
2824,36
2825,36
2826,28
2827,20
2828,31
2829,20
283,36
2830,26
2831,35
2832,27
2833,37
2834,26
2835,22
2836,22
2837,26
2838,25
2839,28
284,25
2840,22
2841,31
2842,17
2843,37
2844,12
2845,28
2846,36
2847,35
2848,30
2849,37
285,30
2850,33
2851,35
2852,32
2853,37
2854,36
2855,25
2856,15
2857,16
2858,25
2859,35
286,22
2860,22
2861,37
2862,22
2863,25
2864,25
2865,11
2866,22
2867,36
2868,36
2869,17
287,32
2870,17
2871,22
2872,25
2873,33
2874,15
2875,31
2876,11
2877,37
2878,36
2879,28
288,27
2880,37
2881,32
2882,27
2883,37
2884,30
2885,22
2886,27
2887,16
2888,37
2889,37
289,22
2890,21
2891,26
2892,20
2893,37
2894,36
2895,21
2896,32
2897,22
2898,21
2899,37
29,21
290,28
2900,22
2901,35
2902,12
2903,26
2904,22
2905,35
2906,25
2907,21
2908,11
2909,25
291,12
2910,17
2911,20
2912,22
2913,22
2914,22
2915,21
2916,35
2917,30
2918,36
2919,35
292,27
2920,22
2921,36
2922,31
2923,25
2924,35
2925,20
2926,17
2927,22
2928,30
2929,27
293,36
2930,37
2931,37
2932,22
2933,37
2934,30
2935,26
2936,22
2937,22
2938,15
2939,20
294,31
2940,27
2941,35
2942,37
2943,22
2944,33
2945,36
2946,22
2947,37
2948,21
2949,27
295,25
2950,21
2951,37
2952,28
2953,35
2954,27
2955,33
2956,22
2957,16
2958,33
2959,26
296,21
2960,17
2961,37
2962,36
2963,30
2964,36
2965,17
2966,16
2967,26
2968,37
2969,31
297,35
2970,17
2971,36
2972,37
2973,12
2974,28
2975,22
2976,21
2977,16
2978,33
2979,22
298,36
2980,25
2981,37
2982,16
2983,26
2984,36
2985,35
2986,35
2987,27
2988,32
2989,32
299,35
2990,21
2991,37
2992,22
2993,22
2994,28
2995,30
2996,20
2997,26
2998,21
2999,20
3,21
30,35
300,20
3000,36
3001,25
3002,28
3003,21
3004,35
3005,37
3006,25
3007,35
3008,28
3009,37
301,22
3010,20
3011,17
3012,37
3013,17
3014,22
3015,31
3016,17
3017,16
3018,31
3019,37
302,32
3020,27
3021,20
3022,32
3023,36
3024,30
3025,37
3026,22
3027,36
3028,32
3029,30
303,22
3030,27
3031,27
3032,22
3033,20
3034,25
3035,15
3036,28
3037,31
3038,21
3039,37
304,15
3040,17
3041,36
3042,36
3043,28
3044,27
3045,15
3046,37
3047,21
3048,22
3049,25
305,32
3050,35
3051,37
3052,12
3053,33
3054,21
3055,22
3056,36
3057,26
3058,37
3059,31
306,30
3060,22
3061,17
3062,25
3063,25
3064,32
3065,32
3066,31
3067,25
3068,28
3069,37
307,28
3070,17
3071,22
3072,35
3073,36
3074,27
3075,36
3076,21
3077,35
3078,17
3079,16
308,35
3080,22
3081,16
3082,27
3083,17
3084,12
3085,12
3086,15
3087,27
3088,17
3089,35
309,26
3090,33
3091,17
3092,17
3093,27
3094,12
3095,32
3096,37
3097,37
3098,31
3099,35
31,28
310,33
3100,17
3101,31
3102,22
3103,36
3104,35
3105,31
3106,28
3107,27
3108,21
3109,35
311,22
3110,20
3111,17
3112,22
3113,32
3114,33
3115,36
3116,22
3117,28
3118,37
3119,30
312,36
3120,33
3121,30
3122,28
3123,22
3124,30
3125,22
3126,21
3127,28
3128,20
3129,22
313,30
3130,33
3131,25
3132,26
3133,11
3134,37
3135,33
3136,35
3137,20
3138,26
3139,22
314,36
3140,25
3141,30
3142,25
3143,37
3144,31
3145,30
3146,28
3147,33
3148,11
3149,25
315,33
3150,30
3151,21
3152,37
3153,32
3154,22
3155,35
3156,37
3157,36
3158,36
3159,36
316,21
3160,16
3161,26
3162,37
3163,22
3164,26
3165,12
3166,16
3167,26
3168,37
3169,33
317,30
3170,25
3171,32
3172,37
3173,11
3174,35
3175,27
3176,17
3177,17
3178,32
3179,37
318,26
3180,33
3181,16
3182,28
3183,22
3184,37
3185,27
3186,20
3187,35
3188,22
3189,26
319,22
3190,25
3191,20
3192,30
3193,22
3194,30
3195,28
3196,28
3197,22
3198,22
3199,31
32,35
320,26
3200,17
3201,36
3202,33
3203,15
3204,25
3205,32
3206,28
3207,35
3208,36
3209,11
321,12
3210,12
3211,28
3212,17
3213,30
3214,35
3215,30
3216,36
3217,17
3218,28
3219,31
322,27
3220,27
3221,35
3222,21
3223,28
3224,37
3225,36
3226,33
3227,28
3228,27
3229,35
323,31
3230,31
3231,36
3232,33
3233,25
3234,17
3235,22
3236,35
3237,37
3238,31
3239,25
324,25
3240,37
3241,37
3242,22
3243,27
3244,27
3245,35
3246,35
3247,12
3248,27
3249,20
325,16
3250,32
3251,36
3252,37
3253,33
3254,21
3255,11
3256,33
3257,30
3258,26
3259,15
326,17
3260,33
3261,37
3262,31
3263,20
3264,31
3265,26
3266,35
3267,15
3268,26
3269,16
327,32
3270,31
3271,37
3272,22
3273,22
3274,20
3275,28
3276,12
3277,25
3278,22
3279,35
328,27
3280,22
3281,27
3282,37
3283,28
3284,31
3285,25
3286,37
3287,37
3288,27
3289,22
329,36
3290,11
3291,35
3292,25
3293,25
3294,22
3295,22
3296,36
3297,17
3298,12
3299,17
33,25
330,27
3300,20
3301,36
3302,22
3303,30
3304,36
3305,22
3306,21
3307,22
3308,16
3309,26
331,35
3310,26
3311,31
3312,31
3313,22
3314,20
3315,17
3316,17
3317,17
3318,31
3319,17
332,21
3320,17
3321,17
3322,11
3323,22
3324,26
3325,22
3326,16
3327,27
3328,28
3329,17
333,37
3330,25
3331,25
3332,26
3333,36
3334,26
3335,17
3336,35
3337,17
3338,28
3339,22
334,37
3340,21
3341,36
3342,17
3343,30
3344,17
3345,17
3346,36
3347,21
3348,27
3349,12
335,27
3350,36
3351,35
3352,27
3353,21
3354,22
3355,37
3356,32
3357,11
3358,22
3359,17
336,36
3360,25
3361,26
3362,33
3363,37
3364,36
3365,17
3366,31
3367,37
3368,37
3369,26
337,36
3370,37
3371,35
3372,33
3373,27
3374,36
3375,22
3376,22
3377,20
3378,21
3379,25
338,26
3380,22
3381,32
3382,35
3383,25
3384,33
3385,31
3386,27
3387,32
3388,16
3389,28
339,22
3390,35
3391,30
3392,35
3393,15
3394,36
3395,35
3396,28
3397,31
3398,15
3399,22
34,22
340,16
3400,37
3401,26
3402,28
3403,20
3404,30
3405,35
3406,33
3407,35
3408,17
3409,30
341,35
3410,17
3411,33
3412,33
3413,27
3414,17
3415,28
3416,15
3417,30
3418,35
3419,27
342,31
3420,28
3421,36
3422,16
3423,36
3424,31
3425,27
3426,28
3427,17
3428,37
3429,17
343,31
3430,37
3431,32
3432,25
3433,26
3434,31
3435,32
3436,32
3437,22
3438,36
3439,35
344,35
3440,30
3441,28
3442,33
3443,17
3444,30
3445,32
3446,30
3447,21
3448,36
3449,32
345,22
3450,27
3451,35
3452,17
3453,17
3454,36
3455,21
3456,32
3457,26
3458,25
3459,26
346,33
3460,22
3461,36
3462,11
3463,33
3464,33
3465,37
3466,17
3467,15
3468,35
3469,35
347,22
3470,36
3471,37
3472,20
3473,31
3474,27
3475,22
3476,22
3477,22
3478,22
3479,30
348,35
3480,22
3481,33
3482,25
3483,12
3484,26
3485,21
3486,37
3487,35
3488,35
3489,26
349,35
3490,33
3491,26
3492,27
3493,32
3494,26
3495,17
3496,28
3497,31
3498,36
3499,21
35,11
350,21
3500,25
3501,31
3502,22
3503,25
3504,20
3505,37
3506,36
3507,28
3508,12
3509,28
351,33
3510,17
3511,17
3512,22
3513,22
3514,37
3515,37
3516,36
3517,17
3518,35
3519,28
352,31
3520,21
3521,11
3522,17
3523,31
3524,36
3525,35
3526,17
3527,17
3528,15
3529,25
353,37
3530,22
3531,36
3532,21
3533,30
3534,12
3535,33
3536,20
3537,17
3538,37
3539,36
354,37
3540,35
3541,27
3542,36
3543,30
3544,32
3545,15
3546,35
3547,17
3548,17
3549,33
355,22
3550,20
3551,22
3552,22
3553,26
3554,17
3555,28
3556,28
3557,16
3558,16
3559,36
356,17
3560,33
3561,12
3562,27
3563,36
3564,37
3565,27
3566,33
3567,17
3568,37
3569,37
357,37
3570,25
3571,22
3572,30
3573,22
3574,15
3575,26
3576,28
3577,32
3578,25
3579,33
358,12
3580,35
3581,35
3582,30
3583,35
3584,37
3585,33
3586,35
3587,35
3588,22
3589,27
359,25
3590,22
3591,27
3592,33
3593,36
3594,32
3595,21
3596,37
3597,36
3598,22
3599,27
36,37
360,26
3600,25
3601,27
3602,28
3603,22
3604,36
3605,21
3606,25
3607,28
3608,27
3609,33
361,22
3610,37
3611,25
3612,37
3613,11
3614,17
3615,17
3616,21
3617,22
3618,17
3619,35
362,21
3620,37
3621,31
3622,36
3623,22
3624,37
3625,17
3626,33
3627,17
3628,12
3629,17
363,17
3630,35
3631,11
3632,26
3633,21
3634,36
3635,36
3636,26
3637,15
3638,21
3639,33
364,36
3640,36
3641,28
3642,11
3643,25
3644,17
3645,22
3646,22
3647,22
3648,36
3649,35
365,27
3650,26
3651,31
3652,26
3653,25
3654,27
3655,16
3656,36
3657,20
3658,37
3659,36
366,37
3660,37
3661,37
3662,22
3663,12
3664,35
3665,37
3666,21
3667,27
3668,37
3669,17
367,30
3670,37
3671,37
3672,31
3673,36
3674,25
3675,12
3676,25
3677,36
3678,17
3679,37
368,28
3680,27
3681,37
3682,36
3683,36
3684,37
3685,37
3686,35
3687,27
3688,31
3689,25
369,37
3690,11
3691,27
3692,30
3693,22
3694,33
3695,20
3696,22
3697,37
3698,25
3699,35
37,21
370,33
3700,15
3701,37
3702,36
3703,35
3704,37
3705,30
3706,36
3707,37
3708,37
3709,17
371,32
3710,37
3711,30
3712,17
3713,28
3714,37
3715,17
3716,37
3717,36
3718,33
3719,37
372,36
3720,17
3721,22
3722,37
3723,37
3724,22
3725,33
3726,36
3727,15
3728,22
3729,37
373,25
3730,17
3731,22
3732,25
3733,15
3734,26
3735,37
3736,27
3737,22
3738,32
3739,37
374,25
3740,35
3741,28
3742,31
3743,26
3744,22
3745,16
3746,16
3747,21
3748,26
3749,37
375,30
3750,15
3751,36
3752,36
3753,32
3754,17
3755,31
3756,15
3757,12
3758,36
3759,16
376,28
3760,26
3761,16
3762,27
3763,17
3764,37
3765,30
3766,37
3767,17
3768,15
3769,36
377,17
3770,35
3771,12
3772,35
3773,28
3774,35
3775,22
3776,22
3777,20
3778,35
3779,22
378,22
3780,20
3781,22
3782,25
3783,33
3784,26
3785,16
3786,37
3787,25
3788,15
3789,25
379,30
3790,17
3791,12
3792,35
3793,15
3794,11
3795,20
3796,15
3797,27
3798,32
3799,26
38,31
380,21
3800,33
3801,35
3802,21
3803,36
3804,37
3805,37
3806,26
3807,32
3808,17
3809,30
381,22
3810,20
3811,22
3812,12
3813,17
3814,20
3815,37
3816,30
3817,37
3818,37
3819,37
382,28
3820,36
3821,30
3822,25
3823,36
3824,21
3825,36
3826,37
3827,36
3828,37
3829,11
383,26
3830,17
3831,33
3832,20
3833,37
3834,37
3835,26
3836,36
3837,36
3838,36
3839,27
384,28
3840,27
3841,25
3842,33
3843,36
3844,36
3845,26
3846,35
3847,15
3848,21
3849,25
385,17
3850,20
3851,35
3852,16
3853,33
3854,37
3855,35
3856,37
3857,12
3858,33
3859,32
386,33
3860,37
3861,37
3862,26
3863,33
3864,37
3865,28
3866,35
3867,15
3868,25
3869,31
387,30
3870,33
3871,25
3872,37
3873,27
3874,22
3875,37
3876,37
3877,37
3878,37
3879,25
388,36
3880,17
3881,25
3882,25
3883,37
3884,35
3885,37
3886,37
3887,36
3888,37
3889,37
389,22
3890,37
3891,33
3892,16
3893,37
3894,37
3895,36
3896,37
3897,36
3898,21
3899,36
39,36
390,32
3900,36
3901,36
3902,22
3903,17
3904,35
3905,35
3906,20
3907,16
3908,36
3909,15
391,22
3910,36
3911,22
3912,25
3913,27
3914,31
3915,22
3916,36
3917,36
3918,35
3919,36
392,32
3920,22
3921,31
3922,16
3923,36
3924,22
3925,37
3926,37
3927,37
3928,36
3929,35
393,22
3930,17
3931,21
3932,36
3933,35
3934,25
3935,36
3936,22
3937,26
3938,36
3939,17
394,36
3940,33
3941,35
3942,28
3943,12
3944,32
3945,20
3946,36
3947,36
3948,26
3949,35
395,28
3950,33
3951,30
3952,25
3953,36
3954,12
3955,37
3956,16
3957,22
3958,36
3959,28
396,26
3960,36
3961,30
3962,36
3963,25
3964,36
3965,37
3966,17
3967,20
3968,22
3969,22
397,28
3970,30
3971,37
3972,35
3973,30
3974,22
3975,37
3976,37
3977,26
3978,25
3979,37
398,31
3980,26
3981,30
3982,35
3983,37
3984,37
3985,36
3986,25
3987,25
3988,28
3989,35
399,21
3990,36
3991,12
3992,20
3993,35
3994,27
3995,22
3996,20
3997,28
3998,33
3999,11
4,12
40,36
400,20
4000,25
4001,28
4002,22
4003,15
4004,17
4005,33
4006,35
4007,22
4008,26
4009,11
401,27
4010,37
4011,35
4012,21
4013,30
4014,25
4015,32
4016,27
4017,11
4018,33
4019,25
402,20
4020,22
4021,37
4022,36
4023,12
4024,17
4025,11
4026,21
4027,37
4028,11
4029,32
403,31
4030,36
4031,37
4032,36
4033,37
4034,36
4035,31
4036,37
4037,21
4038,31
4039,26
404,36
4040,25
4041,26
4042,31
4043,33
4044,31
4045,28
4046,33
4047,27
4048,26
4049,16
405,36
4050,26
4051,11
4052,17
4053,30
4054,11
4055,17
4056,12
4057,36
4058,37
4059,11
406,30
4060,20
4061,11
4062,22
4063,20
4064,15
4065,17
4066,35
4067,27
4068,37
4069,21
407,33
4070,30
4071,37
4072,15
4073,25
4074,27
4075,33
4076,27
4077,31
4078,22
4079,20
408,15
4080,37
4081,20
4082,37
4083,22
4084,37
4085,22
4086,37
4087,37
4088,22
4089,32
409,33
4090,35
4091,12
4092,25
4093,36
4094,37
4095,22
4096,31
4097,37
4098,27
4099,37
41,37
410,32
4100,35
4101,22
4102,26
4103,36
4104,22
4105,37
4106,37
4107,33
4108,35
4109,22
411,22
4110,36
4111,28
4112,17
4113,28
4114,26
4115,17
4116,36
4117,36
4118,37
4119,32
412,33
4120,27
4121,25
4122,25
4123,32
4124,22
4125,27
4126,25
4127,27
4128,37
4129,37
413,37
4130,26
4131,20
4132,25
4133,11
4134,26
4135,36
4136,16
4137,17
4138,26
4139,31
414,26
4140,11
4141,17
4142,20
4143,36
4144,22
4145,26
4146,37
4147,35
4148,27
4149,11
415,11
4150,22
4151,16
4152,11
4153,16
4154,35
4155,35
4156,17
4157,31
4158,25
4159,11
416,28
4160,30
4161,21
4162,21
4163,36
4164,37
4165,22
4166,22
4167,20
4168,36
4169,25
417,17
4170,35
4171,37
4172,30
4173,31
4174,30
4175,25
4176,20
4177,26
4178,16
4179,37
418,35
4180,22
4181,15
4182,30
4183,28
4184,37
4185,25
4186,17
4187,22
4188,37
4189,22
419,35
4190,28
4191,25
4192,36
4193,25
4194,36
4195,36
4196,20
4197,20
4198,25
4199,11
42,37
420,28
4200,26
4201,22
4202,33
4203,36
4204,28
4205,26
4206,31
4207,22
4208,33
4209,27
421,27
4210,22
4211,12
4212,21
4213,22
4214,26
4215,36
4216,32
4217,27
4218,28
4219,35
422,17
4220,35
4221,37
4222,30
4223,37
4224,20
4225,37
4226,37
4227,36
4228,33
4229,37
423,36
4230,37
4231,36
4232,35
4233,17
4234,37
4235,31
4236,22
4237,33
4238,15
4239,26
424,22
4240,28
4241,35
4242,33
4243,37
4244,21
4245,12
4246,28
4247,16
4248,30
4249,11
425,11
4250,25
4251,25
4252,26
4253,37
4254,36
4255,36
4256,26
4257,36
4258,15
4259,21
426,37
4260,37
4261,32
4262,36
4263,33
4264,22
4265,21
4266,37
4267,25
4268,26
4269,30
427,35
4270,15
4271,37
4272,36
4273,28
4274,20
4275,22
4276,25
4277,11
4278,22
4279,25
428,25
4280,35
4281,32
4282,37
4283,37
4284,22
4285,22
4286,30
4287,28
4288,22
4289,21
429,37
4290,26
4291,32
4292,37
4293,37
4294,11
4295,22
4296,20
4297,20
4298,36
4299,15
43,11
430,33
4300,36
4301,21
4302,22
4303,33
4304,21
4305,37
4306,37
4307,33
4308,11
4309,27
431,36
4310,28
4311,31
4312,22
4313,35
4314,21
4315,26
4316,25
4317,30
4318,36
4319,25
432,26
4320,25
4321,21
4322,37
4323,21
4324,31
4325,22
4326,36
4327,27
4328,17
4329,36
433,21
4330,30
4331,22
4332,31
4333,25
4334,25
4335,25
4336,22
4337,26
4338,12
4339,12
434,33
4340,11
4341,36
4342,33
4343,21
4344,12
4345,21
4346,17
4347,12
4348,25
4349,17
435,37
4350,25
4351,22
4352,37
4353,31
4354,36
4355,12
4356,28
4357,37
4358,16
4359,22
436,28
4360,21
4361,25
4362,27
4363,28
4364,22
4365,30
4366,22
4367,22
4368,37
4369,32
437,22
4370,35
4371,22
4372,22
4373,37
4374,22
4375,26
4376,22
4377,36
4378,16
4379,20
438,35
4380,28
4381,35
4382,16
4383,35
4384,27
4385,37
4386,32
4387,25
4388,26
4389,25
439,35
4390,17
4391,25
4392,22
4393,22
4394,36
4395,37
4396,37
4397,22
4398,11
4399,22
44,37
440,28
4400,25
4401,28
4402,17
4403,32
4404,37
4405,26
4406,21
4407,35
4408,26
4409,25
441,35
4410,26
4411,11
4412,20
4413,31
4414,37
4415,30
4416,36
4417,17
4418,31
4419,28
442,35
4420,22
4421,32
4422,21
4423,30
4424,22
4425,28
4426,28
4427,25
4428,36
4429,36
443,21
4430,36
4431,25
4432,30
4433,33
4434,22
4435,20
4436,25
4437,30
4438,37
4439,25
444,33
4440,20
4441,26
4442,21
4443,25
4444,22
4445,15
4446,15
4447,28
4448,20
4449,37
445,21
4450,33
4451,37
4452,32
4453,28
4454,22
4455,12
4456,26
4457,32
4458,22
4459,22
446,26
4460,30
4461,12
4462,20
4463,35
4464,32
4465,36
4466,27
4467,22
4468,17
4469,26
447,26
4470,26
4471,37
4472,20
4473,30
4474,12
4475,17
4476,25
4477,31
4478,15
4479,15
448,16
4480,20
4481,16
4482,15
4483,22
4484,25
4485,11
4486,27
4487,37
4488,17
4489,27
449,26
4490,26
4491,28
4492,26
4493,25
4494,36
4495,27
4496,30
4497,37
4498,22
4499,22
45,36
450,35
4500,16
4501,20
4502,37
4503,17
4504,22
4505,31
4506,27
4507,17
4508,22
4509,22
451,16
4510,20
4511,28
4512,37
4513,27
4514,36
4515,33
4516,17
4517,28
4518,22
4519,22
452,31
4520,31
4521,26
4522,21
4523,27
4524,22
4525,27
4526,31
4527,36
4528,16
4529,36
453,25
4530,33
4531,15
4532,36
4533,22
4534,37
4535,26
4536,15
4537,36
4538,32
4539,15
454,17
4540,26
4541,36
4542,36
4543,27
4544,28
4545,28
4546,11
4547,21
4548,17
4549,11
455,22
4550,27
4551,22
4552,30
4553,35
4554,35
4555,36
4556,16
4557,36
4558,11
4559,22
456,15
4560,16
4561,17
4562,22
4563,16
4564,21
4565,35
4566,37
4567,11
4568,37
4569,37
457,33
4570,25
4571,30
4572,28
4573,35
4574,36
4575,17
4576,37
4577,22
4578,36
4579,21
458,28
4580,35
4581,35
4582,27
4583,11
4584,22
4585,27
4586,36
4587,35
4588,32
4589,37
459,35
4590,37
4591,28
4592,17
4593,28
4594,26
4595,28
4596,12
4597,28
4598,26
4599,22
46,25
460,37
4600,35
4601,28
4602,35
4603,21
4604,11
4605,21
4606,22
4607,31
4608,22
4609,22
461,11
4610,31
4611,36
4612,36
4613,33
4614,31
4615,11
4616,22
4617,22
4618,20
4619,21
462,12
4620,28
4621,17
4622,22
4623,35
4624,25
4625,11
4626,17
4627,25
4628,33
4629,25
463,25
4630,27
4631,16
4632,25
4633,27
4634,36
4635,22
4636,28
4637,35
4638,22
4639,27
464,31
4640,16
4641,12
4642,27
4643,26
4644,33
4645,30
4646,16
4647,36
4648,30
4649,33
465,35
4650,31
4651,35
4652,26
4653,20
4654,11
4655,22
4656,25
4657,22
4658,37
4659,25
466,37
4660,37
4661,15
4662,22
4663,22
4664,28
4665,15
4666,35
4667,32
4668,32
4669,37
467,36
4670,37
4671,37
4672,27
4673,35
4674,26
4675,36
4676,17
4677,26
4678,15
4679,37
468,20
4680,22
4681,33
4682,30
4683,35
4684,32
4685,36
4686,15
4687,22
4688,22
4689,22
469,22
4690,25
4691,16
4692,32
4693,37
4694,15
4695,17
4696,31
4697,27
4698,16
4699,33
47,36
470,27
4700,27
4701,35
4702,20
4703,17
4704,11
4705,25
4706,26
4707,31
4708,25
4709,22
471,20
4710,22
4711,25
4712,22
4713,25
4714,37
4715,28
4716,17
4717,12
4718,26
4719,25
472,22
4720,33
4721,35
4722,26
4723,25
4724,25
4725,35
4726,25
4727,35
4728,37
4729,36
473,25
4730,22
4731,22
4732,30
4733,22
4734,16
4735,37
4736,25
4737,36
4738,21
4739,16
474,12
4740,22
4741,25
4742,36
4743,31
4744,21
4745,37
4746,16
4747,27
4748,27
4749,37
475,22
4750,37
4751,22
4752,36
4753,37
4754,27
4755,20
4756,30
4757,35
4758,28
4759,31
476,36
4760,22
4761,36
4762,37
4763,36
4764,15
4765,37
4766,35
4767,25
4768,37
4769,35
477,33
4770,28
4771,27
4772,22
4773,11
4774,17
4775,36
4776,36
4777,26
4778,35
4779,31
478,32
4780,27
4781,35
4782,35
4783,32
4784,31
4785,35
4786,36
4787,36
4788,26
4789,27
479,25
4790,12
4791,37
4792,32
4793,30
4794,37
4795,28
4796,33
4797,31
4798,35
4799,36
48,37
480,30
4800,37
4801,22
4802,26
4803,11
4804,37
4805,30
4806,27
4807,35
4808,36
4809,37
481,25
4810,25
4811,37
4812,26
4813,11
4814,28
4815,12
4816,17
4817,21
4818,36
4819,25
482,31
4820,37
4821,25
4822,22
4823,32
4824,36
4825,27
4826,37
4827,28
4828,33
4829,33
483,17
4830,30
4831,25
4832,22
4833,17
4834,12
4835,20
4836,35
4837,22
4838,35
4839,25
484,22
4840,25
4841,35
4842,25
4843,37
4844,27
4845,35
4846,17
4847,26
4848,26
4849,27
485,33
4850,31
4851,31
4852,25
4853,12
4854,17
4855,28
4856,35
4857,37
4858,36
4859,30
486,21
4860,31
4861,25
4862,22
4863,25
4864,17
4865,36
4866,26
4867,27
4868,33
4869,37
487,26
4870,25
4871,21
4872,21
4873,35
4874,22
4875,26
4876,26
4877,26
4878,16
4879,35
488,25
4880,25
4881,26
4882,21
4883,36
4884,35
4885,27
4886,21
4887,22
4888,30
4889,15
489,22
4890,37
4891,17
4892,15
4893,22
4894,22
4895,32
4896,31
4897,37
4898,33
4899,17
49,35
490,21
4900,22
4901,26
4902,36
4903,35
4904,33
4905,30
4906,17
4907,22
4908,36
4909,25
491,36
4910,17
4911,37
4912,33
4913,36
4914,26
4915,36
4916,12
4917,11
4918,12
4919,35
492,27
4920,27
4921,21
4922,22
4923,36
4924,17
4925,36
4926,22
4927,30
4928,32
4929,31
493,21
4930,31
4931,30
4932,32
4933,22
4934,17
4935,36
4936,35
4937,11
4938,12
4939,25
494,11
4940,36
4941,27
4942,37
4943,32
4944,35
4945,35
4946,32
4947,22
4948,31
4949,26
495,25
4950,35
4951,33
4952,16
4953,36
4954,31
4955,15
4956,21
4957,37
4958,35
4959,26
496,32
4960,32
4961,25
4962,22
4963,15
4964,32
4965,35
4966,36
4967,37
4968,33
4969,35
497,20
4970,27
4971,31
4972,32
4973,36
4974,36
4975,30
4976,35
4977,31
4978,26
4979,33
498,26
4980,28
4981,37
4982,15
4983,37
4984,22
4985,22
4986,33
4987,35
4988,35
4989,35
499,33
4990,21
4991,32
4992,33
4993,30
4994,21
4995,35
4996,22
4997,25
4998,35
4999,37
5,31
50,30
500,35
5000,28
5001,32
5002,37
5003,37
5004,33
5005,36
5006,25
5007,22
5008,25
5009,28
501,37
5010,36
5011,22
5012,37
5013,22
5014,35
5015,15
5016,30
5017,17
5018,17
5019,25
502,32
5020,27
5021,32
5022,27
5023,26
5024,33
5025,17
5026,28
5027,27
5028,36
5029,22
503,26
5030,22
5031,35
5032,21
5033,31
5034,20
5035,26
5036,36
5037,28
5038,17
5039,25
504,25
5040,35
5041,28
5042,36
5043,37
5044,32
5045,36
5046,35
5047,35
5048,20
5049,16
505,26
5050,25
5051,25
5052,27
5053,20
5054,37
5055,37
5056,33
5057,37
5058,17
5059,22
506,22
5060,35
5061,35
5062,28
5063,15
5064,31
5065,36
5066,26
5067,37
5068,25
5069,25
507,35
5070,32
5071,37
5072,37
5073,30
5074,22
5075,37
5076,36
5077,28
5078,37
5079,26
508,25
5080,17
5081,27
5082,31
5083,27
5084,30
5085,25
5086,35
5087,32
5088,27
5089,36
509,36
5090,33
5091,22
5092,22
5093,20
5094,22
5095,33
5096,36
5097,22
5098,21
5099,27
51,36
510,32
5100,22
5101,21
5102,33
5103,26
5104,37
5105,22
5106,11
5107,37
5108,25
5109,11
511,36
5110,20
5111,27
5112,22
5113,12
5114,22
5115,33
5116,20
5117,25
5118,37
5119,15
512,22
5120,30
5121,28
5122,16
5123,22
5124,11
5125,27
5126,15
5127,22
5128,37
5129,26
513,22
5130,15
5131,17
5132,27
5133,35
5134,28
5135,15
5136,31
5137,25
5138,36
5139,32
514,17
5140,22
5141,21
5142,17
5143,36
5144,30
5145,20
5146,32
5147,31
5148,25
5149,15
515,28
5150,11
5151,31
5152,31
5153,37
5154,26
5155,22
5156,35
5157,15
5158,32
5159,36
516,26
5160,36
5161,31
5162,35
5163,35
5164,37
5165,22
5166,22
5167,32
5168,37
5169,25
517,35
5170,26
5171,35
5172,26
5173,17
5174,22
5175,21
5176,17
5177,17
5178,37
5179,17
518,15
5180,27
5181,22
5182,16
5183,25
5184,35
5185,22
5186,33
5187,37
5188,36
5189,36
519,26
5190,27
5191,31
5192,36
5193,16
5194,30
5195,26
5196,16
5197,36
5198,16
5199,25
52,35
520,25
5200,26
5201,25
5202,36
5203,15
5204,25
5205,17
5206,37
5207,20
5208,32
5209,36
521,26
5210,15
5211,16
5212,30
5213,22
5214,30
5215,17
5216,31
5217,26
5218,28
5219,16
522,31
5220,28
5221,21
5222,28
5223,37
5224,16
5225,33
5226,30
5227,33
5228,20
5229,31
523,22
5230,15
5231,35
5232,35
5233,36
5234,36
5235,27
5236,36
5237,35
5238,25
5239,35
524,36
5240,20
5241,33
5242,36
5243,27
5244,20
5245,16
5246,27
5247,35
5248,25
5249,31
525,25
5250,17
5251,25
5252,15
5253,30
5254,31
5255,26
5256,27
5257,17
5258,25
5259,33
526,21
5260,21
5261,35
5262,25
5263,17
5264,31
5265,21
5266,27
5267,17
5268,28
5269,36
527,27
5270,25
5271,26
5272,22
5273,31
5274,22
5275,30
5276,17
5277,35
5278,37
5279,33
528,25
5280,37
5281,22
5282,25
5283,22
5284,32
5285,11
5286,12
5287,28
5288,35
5289,22
529,22
5290,26
5291,35
5292,22
5293,22
5294,21
5295,36
5296,17
5297,20
5298,37
5299,17
53,30
530,15
5300,30
5301,33
5302,35
5303,26
5304,27
5305,17
5306,32
5307,28
5308,22
5309,37
531,35
5310,25
5311,25
5312,15
5313,36
5314,17
5315,22
5316,37
5317,27
5318,17
5319,22
532,28
5320,16
5321,17
5322,25
5323,25
5324,33
5325,17
5326,22
5327,25
5328,22
5329,36
533,36
5330,33
5331,16
5332,32
5333,17
5334,33
5335,17
5336,15
5337,28
5338,31
5339,32
534,26
5340,22
5341,16
5342,36
5343,35
5344,25
5345,22
5346,30
5347,31
5348,33
5349,36
535,35
5350,30
5351,36
5352,30
5353,26
5354,22
5355,25
5356,35
5357,26
5358,22
5359,33
536,28
5360,31
5361,22
5362,22
5363,12
5364,25
5365,35
5366,22
5367,22
5368,28
5369,31
537,17
5370,12
5371,22
5372,17
5373,12
5374,37
5375,28
5376,28
5377,32
5378,25
5379,22
538,17
5380,25
5381,25
5382,31
5383,21
5384,25
5385,12
5386,35
5387,37
5388,32
5389,36
539,11
5390,22
5391,25
5392,33
5393,35
5394,37
5395,31
5396,22
5397,28
5398,15
5399,22
54,25
540,31
5400,28
5401,22
5402,26
5403,15
5404,17
5405,21
5406,15
5407,26
5408,20
5409,25
541,26
5410,17
5411,31
5412,17
5413,25
5414,33
5415,27
5416,26
5417,25
5418,30
5419,25
542,17
5420,36
5421,25
5422,36
5423,17
5424,27
5425,22
5426,35
5427,37
5428,37
5429,28
543,37
5430,11
5431,33
5432,17
5433,31
5434,36
5435,21
5436,35
5437,12
5438,35
5439,21
544,30
5440,37
5441,25
5442,31
5443,17
5444,21
5445,36
5446,32
5447,36
5448,28
5449,28
545,22
5450,26
5451,20
5452,31
5453,12
5454,26
5455,35
5456,37
5457,33
5458,20
5459,25
546,36
5460,35
5461,26
5462,31
5463,28
5464,21
5465,20
5466,20
5467,30
5468,32
5469,37
547,35
5470,26
5471,35
5472,27
5473,36
5474,22
5475,31
5476,27
5477,17
5478,12
5479,35
548,37
5480,30
5481,27
5482,28
5483,25
5484,16
5485,26
5486,17
5487,17
5488,17
5489,37
549,30
5490,35
5491,33
5492,36
5493,35
5494,36
5495,27
5496,17
5497,20
5498,37
5499,22
55,26
550,30
5500,37
5501,32
5502,36
5503,27
5504,25
5505,26
5506,15
5507,31
5508,15
5509,33
551,21
5510,25
5511,35
5512,15
5513,16
5514,35
5515,21
5516,12
5517,27
5518,31
5519,17
552,22
5520,11
5521,22
5522,26
5523,17
5524,36
5525,28
5526,35
5527,30
5528,22
5529,36
553,25
5530,30
5531,26
5532,26
5533,31
5534,25
5535,28
5536,22
5537,30
5538,31
5539,37
554,21
5540,25
5541,36
5542,17
5543,21
5544,28
5545,26
5546,22
5547,28
5548,27
5549,25
555,22
5550,35
5551,26
5552,35
5553,20
5554,35
5555,36
5556,27
5557,32
5558,32
5559,32
556,31
5560,31
5561,36
5562,20
5563,37
5564,15
5565,22
5566,15
5567,15
5568,27
5569,32
557,27
5570,20
5571,17
5572,28
5573,33
5574,22
5575,28
5576,27
5577,31
5578,11
5579,36
558,25
5580,17
5581,32
5582,21
5583,33
5584,36
5585,30
5586,17
5587,26
5588,20
5589,21
559,33
5590,27
5591,25
5592,33
5593,36
5594,22
5595,21
5596,25
5597,35
5598,11
5599,31
56,36
560,31
5600,21
5601,26
5602,21
5603,31
5604,33
5605,32
5606,37
5607,22
5608,11
5609,25
561,11
5610,22
5611,36
5612,28
5613,22
5614,31
5615,22
5616,33
5617,30
5618,22
5619,36
562,22
5620,25
5621,28
5622,28
5623,26
5624,28
5625,27
5626,27
5627,22
5628,16
5629,31
563,21
5630,26
5631,25
5632,28
5633,36
5634,17
5635,21
5636,22
5637,30
5638,31
5639,25
564,36
5640,32
5641,36
5642,33
5643,30
5644,36
5645,28
5646,31
5647,26
5648,31
5649,31
565,35
5650,35
5651,22
5652,31
5653,30
5654,35
5655,17
5656,20
5657,36
5658,25
5659,30
566,22
5660,30
5661,22
5662,25
5663,26
5664,37
5665,28
5666,16
5667,20
5668,17
5669,12
567,36
5670,17
5671,27
5672,32
5673,36
5674,25
5675,25
5676,33
5677,35
5678,25
5679,36
568,22
5680,22
5681,31
5682,31
5683,32
5684,17
5685,17
5686,21
5687,32
5688,32
5689,32
569,16
5690,37
5691,26
5692,31
5693,25
5694,28
5695,12
5696,15
5697,22
5698,36
5699,35
57,28
570,28
5700,33
5701,25
5702,36
5703,27
5704,35
5705,31
5706,25
5707,33
5708,30
5709,25
571,27
5710,25
5711,33
5712,33
5713,25
5714,37
5715,33
5716,33
5717,21
5718,26
5719,37
572,15
5720,37
5721,22
5722,25
5723,20
5724,37
5725,36
5726,25
5727,17
5728,25
5729,15
573,32
5730,17
5731,31
5732,36
5733,20
5734,21
5735,37
5736,27
5737,17
5738,11
5739,17
574,28
5740,16
5741,27
5742,21
5743,11
5744,28
5745,36
5746,17
5747,33
5748,22
5749,22
575,27
5750,25
5751,25
5752,37
5753,22
5754,11
5755,15
5756,22
5757,28
5758,36
5759,32
576,37
5760,35
5761,32
5762,31
5763,30
5764,17
5765,27
5766,22
5767,22
5768,33
5769,20
577,25
5770,20
5771,28
5772,12
5773,15
5774,33
5775,35
5776,35
5777,37
5778,36
5779,31
578,36
5780,36
5781,15
5782,28
5783,35
5784,28
5785,27
5786,26
5787,26
5788,17
5789,36
579,16
5790,36
5791,35
5792,30
5793,22
5794,11
5795,22
5796,17
5797,30
5798,16
5799,17
58,27
580,36
5800,37
5801,12
5802,25
5803,12
5804,31
5805,32
5806,15
5807,25
5808,37
5809,33
581,17
5810,27
5811,11
5812,22
5813,25
5814,21
5815,37
5816,16
5817,32
5818,17
5819,11
582,25
5820,12
5821,25
5822,36
5823,21
5824,31
5825,22
5826,32
5827,25
5828,25
5829,28
583,28
5830,28
5831,27
5832,32
5833,25
5834,25
5835,35
5836,22
5837,12
5838,17
5839,25
584,21
5840,35
5841,28
5842,25
5843,25
5844,33
5845,35
5846,37
5847,26
5848,31
5849,31
585,20
5850,22
5851,35
5852,25
5853,36
5854,11
5855,36
5856,22
5857,31
5858,20
5859,25
586,36
5860,26
5861,22
5862,30
5863,26
5864,28
5865,35
5866,31
5867,25
5868,17
5869,36
587,25
5870,21
5871,28
5872,25
5873,35
5874,32
5875,32
5876,27
5877,22
5878,26
5879,32
588,16
5880,37
5881,20
5882,36
5883,33
5884,22
5885,25
5886,26
5887,22
5888,22
5889,26
589,32
5890,36
5891,28
5892,26
5893,33
5894,35
5895,11
5896,33
5897,37
5898,27
5899,16
59,22
590,20
5900,26
5901,21
5902,27
5903,36
5904,25
5905,26
5906,22
5907,26
5908,25
5909,26
591,35
5910,22
5911,15
5912,16
5913,33
5914,15
5915,27
5916,35
5917,31
5918,17
5919,33
592,30
5920,25
5921,35
5922,22
5923,22
5924,17
5925,21
5926,33
5927,36
5928,15
5929,21
593,25
5930,26
5931,25
5932,26
5933,26
5934,21
5935,26
5936,30
5937,27
5938,27
5939,28
594,35
5940,26
5941,25
5942,17
5943,25
5944,33
5945,37
5946,22
5947,22
5948,30
5949,36
595,32
5950,30
5951,33
5952,36
5953,17
5954,36
5955,22
5956,26
5957,22
5958,22
5959,15
596,26
5960,17
5961,15
5962,25
5963,20
5964,25
5965,26
5966,37
5967,11
5968,21
5969,26
597,37
5970,25
5971,11
5972,28
5973,33
5974,28
5975,30
5976,26
5977,15
5978,28
5979,37
598,26
5980,26
5981,20
5982,33
5983,33
5984,21
5985,25
5986,15
5987,25
5988,26
5989,28
599,21
5990,25
5991,37
5992,17
5993,36
5994,25
5995,20
5996,33
5997,30
5998,32
5999,22
6,37
60,28
600,27
6000,28
6001,32
6002,25
6003,16
6004,22
6005,25
6006,17
6007,25
6008,21
6009,22
601,26
6010,22
6011,17
6012,25
6013,31
6014,25
6015,22
6016,28
6017,31
6018,27
6019,17
602,16
6020,26
6021,28
6022,25
6023,28
6024,32
6025,26
6026,37
6027,28
6028,21
6029,20
603,33
6030,25
6031,22
6032,26
6033,20
6034,31
6035,22
6036,22
6037,36
6038,22
6039,27
604,35
6040,22
6041,11
6042,20
6043,30
6044,16
6045,35
6046,22
6047,15
6048,31
6049,35
605,22
6050,28
6051,28
6052,31
6053,27
6054,36
6055,22
6056,22
6057,37
6058,28
6059,30
606,25
6060,11
6061,30
6062,36
6063,22
6064,31
6065,26
6066,32
6067,28
6068,36
6069,36
607,17
6070,31
6071,36
6072,37
6073,22
6074,37
6075,20
6076,21
6077,21
6078,22
6079,12
608,15
6080,35
6081,22
6082,30
6083,28
6084,22
6085,22
6086,17
6087,28
6088,36
6089,30
609,25
6090,35
6091,22
6092,28
6093,21
6094,30
6095,31
6096,37
6097,15
6098,28
6099,33
61,22
610,31
6100,21
6101,27
6102,25
6103,27
6104,28
6105,22
6106,33
6107,36
6108,37
6109,28
611,35
6110,25
6111,22
6112,30
6113,20
6114,32
6115,31
6116,25
6117,32
6118,12
6119,36
612,17
6120,30
6121,25
6122,32
6123,25
6124,17
6125,30
6126,37
6127,32
6128,28
6129,21
613,27
6130,16
6131,25
6132,16
6133,17
6134,36
6135,26
6136,22
6137,36
6138,22
6139,25
614,25
6140,20
6141,28
6142,22
6143,35
6144,20
6145,33
6146,25
6147,21
6148,28
6149,36
615,26
6150,37
6151,22
6152,35
6153,30
6154,35
6155,37
6156,30
6157,33
6158,32
6159,36
616,31
6160,30
6161,25
6162,22
6163,27
6164,22
6165,26
6166,22
6167,30
6168,25
6169,22
617,26
6170,35
6171,37
6172,11
6173,26
6174,22
6175,35
6176,36
6177,12
6178,20
6179,36
618,30
6180,37
6181,32
6182,25
6183,31
6184,28
6185,37
6186,26
6187,37
6188,11
6189,37
619,26
6190,22
6191,25
6192,32
6193,25
6194,25
6195,22
6196,36
6197,36
6198,25
6199,33
62,26
620,35
6200,11
6201,17
6202,16
6203,17
6204,21
6205,28
6206,36
6207,20
6208,30
6209,17
621,20
6210,33
6211,28
6212,20
6213,30
6214,25
6215,30
6216,25
6217,12
6218,25
6219,17
622,36
6220,25
6221,25
6222,16
6223,37
6224,28
6225,31
6226,37
6227,12
6228,25
6229,37
623,26
6230,17
6231,15
6232,25
6233,20
6234,28
6235,36
6236,32
6237,27
6238,33
6239,36
624,17
6240,37
6241,27
6242,33
6243,26
6244,30
6245,35
6246,35
6247,37
6248,15
6249,37
625,22
6250,35
6251,26
6252,27
6253,35
6254,35
6255,25
6256,32
6257,30
6258,12
6259,36
626,17
6260,26
6261,37
6262,27
6263,11
6264,33
6265,36
6266,36
6267,22
6268,26
6269,16
627,25
6270,32
6271,36
6272,26
6273,36
6274,37
6275,32
6276,12
6277,27
6278,20
6279,25
628,16
6280,37
6281,27
6282,37
6283,36
6284,12
6285,22
6286,17
6287,27
6288,27
6289,22
629,28
6290,25
6291,31
6292,25
6293,22
6294,20
6295,27
6296,31
6297,26
6298,28
6299,11
63,27
630,26
6300,31
6301,36
6302,37
6303,30
6304,37
6305,22
6306,36
6307,25
6308,30
6309,20
631,31
6310,12
6311,37
6312,36
6313,28
6314,22
6315,32
6316,20
6317,37
6318,20
6319,35
632,22
6320,33
6321,31
6322,20
6323,22
6324,36
6325,17
6326,26
6327,36
6328,16
6329,25
633,37
6330,31
6331,37
6332,26
6333,21
6334,21
6335,27
6336,20
6337,26
6338,36
6339,26
634,36
6340,32
6341,36
6342,26
6343,25
6344,25
6345,33
6346,25
6347,37
6348,33
6349,30
635,37
6350,22
6351,26
6352,22
6353,22
6354,32
6355,12
6356,26
6357,25
6358,35
6359,26
636,17
6360,11
6361,26
6362,37
6363,20
6364,25
6365,22
6366,25
6367,35
6368,37
6369,27
637,31
6370,33
6371,35
6372,26
6373,21
6374,20
6375,26
6376,37
6377,26
6378,22
6379,25
638,37
6380,36
6381,16
6382,17
6383,21
6384,31
6385,36
6386,37
6387,35
6388,12
6389,36
639,15
6390,26
6391,37
6392,22
6393,36
6394,20
6395,25
6396,12
6397,37
6398,32
6399,32
64,37
640,37
6400,28
6401,22
6402,20
6403,28
6404,31
6405,35
6406,37
6407,36
6408,35
6409,22
641,22
6410,22
6411,17
6412,36
6413,17
6414,25
6415,28
6416,12
6417,20
6418,22
6419,35
642,35
6420,26
6421,36
6422,37
6423,26
6424,36
6425,35
6426,25
6427,36
6428,17
6429,21
643,22
6430,25
6431,31
6432,32
6433,25
6434,26
6435,36
6436,28
6437,28
6438,21
6439,33
644,33
6440,15
6441,27
6442,25
6443,33
6444,22
6445,17
6446,21
6447,35
6448,32
6449,36
645,31
6450,35
6451,33
6452,36
6453,25
6454,36
6455,31
6456,16
6457,36
6458,22
6459,22
646,36
6460,27
6461,26
6462,25
6463,25
6464,31
6465,17
6466,15
6467,35
6468,35
6469,25
647,22
6470,22
6471,28
6472,37
6473,33
6474,35
6475,25
6476,35
6477,37
6478,22
6479,30
648,25
6480,35
6481,37
6482,32
6483,37
6484,36
6485,33
6486,36
6487,35
6488,37
6489,25
649,36
6490,28
6491,31
6492,25
6493,36
6494,17
6495,26
6496,36
6497,25
6498,33
6499,37
65,36
650,30
6500,37
6501,11
6502,32
6503,36
6504,36
6505,36
6506,36
6507,28
6508,36
6509,27
651,25
6510,33
6511,30
6512,27
6513,32
6514,27
6515,27
6516,22
6517,35
6518,22
6519,30
652,37
6520,22
6521,21
6522,37
6523,22
6524,25
6525,25
6526,37
6527,27
6528,21
6529,31
653,21
6530,35
6531,37
6532,22
6533,22
6534,26
6535,12
6536,27
6537,22
6538,17
6539,37
654,22
6540,22
6541,37
6542,25
6543,28
6544,31
6545,36
6546,20
6547,25
6548,22
6549,22
655,22
6550,22
6551,31
6552,25
6553,27
6554,35
6555,21
6556,36
6557,37
6558,28
6559,26
656,36
6560,31
6561,26
6562,37
6563,37
6564,36
6565,32
6566,32
6567,22
6568,22
6569,22
657,21
6570,37
6571,33
6572,37
6573,32
6574,17
6575,37
6576,33
6577,31
6578,17
6579,17
658,17
6580,35
6581,27
6582,25
6583,35
6584,25
6585,33
6586,37
6587,36
6588,22
6589,26
659,21
6590,22
6591,27
6592,26
6593,17
6594,31
6595,25
6596,28
6597,35
6598,37
6599,31
66,30
660,22
6600,37
6601,12
6602,37
6603,17
6604,25
6605,26
6606,37
6607,31
6608,37
6609,22
661,20
6610,21
6611,36
6612,25
6613,37
6614,22
6615,36
6616,37
6617,32
6618,25
6619,31
662,37
6620,21
6621,21
6622,33
6623,30
6624,36
6625,33
6626,36
6627,17
6628,16
6629,27
663,21
6630,21
6631,21
6632,26
6633,25
6634,37
6635,36
6636,17
6637,31
6638,33
6639,33
664,20
6640,22
6641,21
6642,25
6643,28
6644,26
6645,32
6646,22
6647,33
6648,27
6649,20
665,15
6650,37
6651,30
6652,36
6653,32
6654,11
6655,17
6656,35
6657,37
6658,35
6659,22
666,31
6660,22
6661,20
6662,35
6663,33
6664,20
6665,26
6666,26
6667,35
6668,36
6669,21
667,28
6670,22
6671,25
6672,27
6673,15
6674,20
6675,37
6676,25
6677,36
6678,32
6679,22
668,25
6680,37
6681,26
6682,36
6683,25
6684,36
6685,16
6686,22
6687,33
6688,30
6689,12
669,26
6690,16
6691,30
6692,35
6693,17
6694,25
6695,25
6696,31
6697,35
6698,20
6699,37
67,36
670,37
6700,11
6701,33
6702,25
6703,32
6704,30
6705,27
6706,35
6707,11
6708,16
6709,36
671,22
6710,25
6711,20
6712,26
6713,36
6714,32
6715,22
6716,17
6717,17
6718,37
6719,22
672,37
6720,37
6721,11
6722,37
6723,37
6724,15
6725,33
6726,22
6727,22
6728,37
6729,26
673,37
6730,36
6731,25
6732,20
6733,20
6734,22
6735,27
6736,28
6737,12
6738,37
6739,37
674,36
6740,30
6741,36
6742,33
6743,15
6744,12
6745,32
6746,36
6747,36
6748,35
6749,21
675,31
6750,37
6751,28
6752,30
6753,33
6754,17
6755,27
6756,28
6757,36
6758,26
6759,35
676,36
6760,37
6761,36
6762,25
6763,33
6764,37
6765,35
6766,36
6767,16
6768,31
6769,22
677,37
6770,33
6771,31
6772,22
6773,35
6774,28
6775,22
6776,25
6777,36
6778,36
6779,17
678,36
6780,17
6781,30
6782,32
6783,22
6784,37
6785,36
6786,17
6787,33
6788,25
6789,37
679,35
6790,36
6791,37
6792,33
6793,36
6794,25
6795,16
6796,25
6797,20
6798,36
6799,36
68,26
680,26
6800,37
6801,33
6802,27
6803,11
6804,17
6805,37
6806,28
6807,25
6808,27
6809,17
681,37
6810,27
6811,36
6812,31
6813,12
6814,36
6815,22
6816,32
6817,25
6818,37
6819,22
682,17
6820,28
6821,25
6822,31
6823,28
6824,20
6825,25
6826,25
6827,26
6828,28
6829,25
683,17
6830,35
6831,32
6832,22
6833,22
6834,36
6835,35
6836,22
6837,20
6838,36
6839,11
684,20
6840,25
6841,37
6842,36
6843,30
6844,35
6845,37
6846,28
6847,28
6848,36
6849,15
685,22
6850,37
6851,15
6852,36
6853,37
6854,30
6855,37
6856,37
6857,36
6858,28
6859,26
686,21
6860,36
6861,28
6862,25
6863,16
6864,36
6865,22
6866,20
6867,36
6868,35
6869,35
687,26
6870,37
6871,25
6872,22
6873,35
6874,12
6875,22
6876,28
6877,22
6878,35
6879,22
688,16
6880,17
6881,27
6882,12
6883,16
6884,21
6885,35
6886,22
6887,35
6888,25
6889,36
689,37
6890,35
6891,26
6892,31
6893,17
6894,21
6895,27
6896,11
6897,21
6898,27
6899,26
69,26
690,17
6900,30
6901,37
6902,28
6903,27
6904,22
6905,32
6906,31
6907,37
6908,30
6909,37
691,22
6910,27
6911,26
6912,21
6913,37
6914,11
6915,11
6916,12
6917,36
6918,31
6919,37
692,21
6920,35
6921,25
6922,25
6923,32
6924,30
6925,37
6926,26
6927,22
6928,28
6929,37
693,22
6930,22
6931,37
6932,17
6933,15
6934,25
6935,25
6936,37
6937,15
6938,27
6939,32
694,21
6940,21
6941,17
6942,27
6943,36
6944,12
6945,17
6946,17
6947,26
6948,32
6949,26
695,27
6950,36
6951,11
6952,22
6953,37
6954,36
6955,21
6956,33
6957,25
6958,15
6959,37
696,11
6960,30
6961,25
6962,20
6963,26
6964,25
6965,25
6966,30
6967,33
6968,21
6969,36
697,22
6970,31
6971,26
6972,25
6973,35
6974,17
6975,15
6976,22
6977,36
6978,28
6979,27
698,25
6980,36
6981,28
6982,36
6983,35
6984,27
6985,31
6986,37
6987,31
6988,15
6989,35
699,22
6990,35
6991,37
6992,17
6993,33
6994,16
6995,36
6996,16
6997,22
6998,37
6999,33
7,20
70,36
700,31
7000,31
7001,37
7002,33
7003,12
7004,33
7005,31
7006,36
7007,36
7008,16
7009,22
701,28
7010,22
7011,27
7012,37
7013,37
7014,37
7015,36
7016,37
7017,20
7018,36
7019,12
702,35
7020,37
7021,37
7022,36
7023,15
7024,28
7025,16
7026,28
7027,32
7028,20
7029,33
703,37
7030,37
7031,22
7032,37
7033,33
7034,20
7035,36
7036,33
7037,22
7038,27
7039,28
704,33
7040,25
7041,31
7042,22
7043,26
7044,11
7045,35
7046,25
7047,36
7048,36
7049,28
705,27
7050,12
7051,11
7052,22
7053,30
7054,17
7055,17
7056,21
7057,21
7058,25
7059,25
706,22
7060,12
7061,36
7062,36
7063,32
7064,32
7065,11
7066,28
7067,17
7068,33
7069,35
707,27
7070,11
7071,16
7072,30
7073,22
7074,37
7075,35
7076,17
7077,21
7078,17
7079,12
708,32
7080,15
7081,17
7082,15
7083,17
7084,28
7085,37
7086,25
7087,20
7088,21
7089,16
709,37
7090,28
7091,25
7092,16
7093,15
7094,35
7095,26
7096,16
7097,15
7098,28
7099,31
71,35
710,22
7100,28
7101,12
7102,37
7103,36
7104,36
7105,12
7106,22
7107,22
7108,35
7109,36
711,33
7110,25
7111,25
7112,27
7113,17
7114,35
7115,25
7116,36
7117,37
7118,25
7119,30
712,22
7120,25
7121,35
7122,12
7123,26
7124,15
7125,15
7126,25
7127,37
7128,17
7129,25
713,36
7130,25
7131,22
7132,21
7133,31
7134,25
7135,11
7136,11
7137,22
7138,31
7139,37
714,17
7140,36
7141,11
7142,28
7143,22
7144,21
7145,22
7146,25
7147,11
7148,22
7149,20
715,36
7150,20
7151,27
7152,17
7153,12
7154,21
7155,11
7156,12
7157,32
7158,17
7159,11
716,25
7160,26
7161,36
7162,25
7163,27
7164,22
7165,16
7166,31
7167,22
7168,21
7169,32
717,22
7170,22
7171,28
7172,15
7173,37
7174,17
7175,11
7176,15
7177,26
7178,22
7179,31
718,36
7180,22
7181,17
7182,27
7183,35
7184,11
7185,15
7186,12
7187,20
7188,12
7189,25
719,35
7190,26
7191,16
7192,20
7193,16
7194,25
7195,15
7196,17
7197,17
7198,20
7199,22
72,37
720,36
7200,12
7201,26
7202,33
7203,25
7204,20
7205,31
7206,20
7207,21
7208,22
7209,17
721,37
7210,20
7211,27
7212,15
7213,31
7214,25
7215,31
7216,37
7217,31
7218,22
7219,35
722,27
7220,25
7221,36
7222,22
7223,22
7224,26
7225,28
7226,30
7227,20
7228,17
7229,22
723,37
7230,12
7231,11
7232,27
7233,12
7234,25
7235,22
7236,31
7237,12
7238,17
7239,36
724,32
7240,20
7241,25
7242,17
7243,26
7244,28
7245,17
7246,25
7247,16
7248,31
7249,28
725,33
7250,25
7251,36
7252,20
7253,20
7254,21
7255,17
7256,22
7257,26
7258,11
7259,22
726,15
7260,22
7261,35
7262,37
7263,26
7264,27
7265,22
7266,33
7267,22
7268,31
7269,32
727,20
7270,12
7271,21
7272,36
7273,17
7274,22
7275,37
7276,20
7277,32
7278,17
7279,16
728,35
7280,20
7281,21
7282,11
7283,28
7284,31
7285,30
7286,20
7287,15
7288,22
7289,30
729,35
7290,25
7291,11
7292,37
7293,17
7294,26
7295,37
7296,28
7297,22
7298,22
7299,25
73,25
730,37
7300,12
7301,25
7302,22
7303,30
7304,15
7305,26
7306,37
7307,17
7308,26
7309,37
731,36
7310,22
7311,16
7312,25
7313,15
7314,11
7315,20
7316,27
7317,31
7318,22
7319,25
732,35
7320,20
7321,25
7322,28
7323,21
7324,25
7325,12
7326,22
7327,22
7328,33
7329,31
733,25
7330,25
7331,31
7332,36
7333,21
7334,30
7335,37
7336,15
7337,11
7338,17
7339,17
734,37
7340,25
7341,22
7342,37
7343,16
7344,11
7345,17
7346,22
7347,22
7348,36
7349,20
735,36
7350,25
7351,26
7352,28
7353,27
7354,15
7355,15
7356,22
7357,26
7358,12
7359,17
736,21
7360,11
7361,22
7362,36
7363,30
7364,27
7365,16
7366,17
7367,22
7368,36
7369,17
737,35
7370,30
7371,25
7372,12
7373,31
7374,20
7375,20
7376,37
7377,25
7378,30
7379,20
738,22
7380,12
7381,17
7382,30
7383,15
7384,36
7385,36
7386,27
7387,25
7388,26
7389,22
739,15
7390,35
7391,31
7392,30
7393,21
7394,37
7395,25
7396,11
7397,21
7398,22
7399,20
74,36
740,22
7400,12
7401,36
7402,36
7403,32
7404,37
7405,12
7406,25
7407,11
7408,25
7409,30
741,37
7410,31
7411,28
7412,27
7413,22
7414,22
7415,11
7416,11
7417,17
7418,22
7419,12
742,33
7420,26
7421,17
7422,22
7423,17
7424,11
7425,17
7426,25
7427,17
7428,16
7429,26
743,25
7430,21
7431,35
7432,22
7433,11
7434,37
7435,17
7436,15
7437,35
7438,17
7439,17
744,37
7440,15
7441,11
7442,25
7443,28
7444,12
7445,12
7446,11
7447,20
7448,25
7449,35
745,35
7450,20
7451,30
7452,35
7453,25
7454,17
7455,26
7456,36
7457,25
7458,11
7459,25
746,11
7460,21
7461,17
7462,11
7463,37
7464,16
7465,25
7466,33
7467,16
7468,33
7469,17
747,21
7470,27
7471,36
7472,36
7473,35
7474,36
7475,28
7476,30
7477,22
7478,33
7479,33
748,27
7480,22
7481,25
7482,25
7483,28
7484,35
7485,30
7486,36
7487,36
7488,35
7489,22
749,36
7490,37
7491,32
7492,37
7493,36
7494,36
7495,20
7496,26
7497,17
7498,33
7499,11
75,36
750,26
7500,36
7501,32
7502,27
7503,36
7504,35
7505,35
7506,21
7507,36
7508,22
7509,28
751,31
7510,35
7511,37
7512,25
7513,37
7514,30
7515,27
7516,35
7517,22
7518,25
7519,20
752,31
7520,36
7521,22
7522,20
7523,35
7524,36
7525,35
7526,27
7527,35
7528,27
7529,31
753,36
7530,33
7531,37
7532,21
7533,28
7534,35
7535,37
7536,27
7537,27
7538,17
7539,11
754,25
7540,35
7541,37
7542,32
7543,16
7544,33
7545,20
7546,37
7547,33
7548,28
7549,28
755,31
7550,27
7551,27
7552,36
7553,17
7554,37
7555,17
7556,12
7557,28
7558,26
7559,22
756,17
7560,22
7561,30
7562,36
7563,12
7564,22
7565,16
7566,30
7567,36
7568,37
7569,33
757,30
7570,15
7571,31
7572,16
7573,36
7574,15
7575,37
7576,25
7577,15
7578,27
7579,17
758,25
7580,11
7581,35
7582,22
7583,31
7584,35
7585,35
7586,26
7587,36
7588,25
7589,37
759,22
7590,35
7591,16
7592,22
7593,15
7594,32
7595,26
7596,33
7597,22
7598,37
7599,35
76,30
760,31
7600,27
7601,22
7602,16
7603,22
7604,28
7605,22
7606,35
7607,37
7608,37
7609,21
761,31
7610,36
7611,36
7612,12
7613,36
7614,33
7615,28
7616,30
7617,33
7618,28
7619,25
762,25
7620,22
7621,35
7622,26
7623,36
7624,22
7625,22
7626,26
7627,22
7628,27
7629,27
763,12
7630,21
7631,27
7632,37
7633,28
7634,32
7635,25
7636,35
7637,22
7638,15
7639,15
764,22
7640,36
7641,37
7642,37
7643,28
7644,37
7645,22
7646,27
7647,36
7648,37
7649,36
765,37
7650,27
7651,22
7652,16
7653,30
7654,26
7655,37
7656,20
7657,33
7658,28
7659,35
766,36
7660,17
7661,36
7662,20
7663,22
7664,36
7665,25
7666,11
7667,27
7668,36
7669,17
767,30
7670,11
7671,25
7672,32
7673,30
7674,17
7675,17
7676,16
7677,26
7678,36
7679,21
768,28
7680,35
7681,21
7682,33
7683,27
7684,36
7685,32
7686,22
7687,22
7688,11
7689,15
769,17
7690,22
7691,22
7692,25
7693,26
7694,25
7695,36
7696,35
7697,12
7698,28
7699,15
77,27
770,36
7700,20
7701,37
7702,28
7703,35
7704,22
7705,26
7706,32
7707,20
7708,37
7709,30
771,17
7710,37
7711,21
7712,36
7713,11
7714,28
7715,37
7716,36
7717,37
7718,37
7719,36
772,27
7720,28
7721,26
7722,37
7723,30
7724,33
7725,26
7726,16
7727,22
7728,35
7729,25
773,35
7730,22
7731,36
7732,36
7733,15
7734,31
7735,27
7736,22
7737,26
7738,17
7739,12
774,35
7740,20
7741,26
7742,37
7743,28
7744,35
7745,25
7746,22
7747,25
7748,27
7749,21
775,25
7750,32
7751,11
7752,30
7753,26
7754,16
7755,37
7756,28
7757,36
7758,27
7759,33
776,36
7760,17
7761,11
7762,37
7763,20
7764,25
7765,28
7766,27
7767,21
7768,37
7769,22
777,33
7770,11
7771,28
7772,21
7773,17
7774,22
7775,22
7776,36
7777,36
7778,22
7779,36
778,36
7780,36
7781,36
7782,22
7783,35
7784,36
7785,16
7786,28
7787,17
7788,11
7789,12
779,35
7790,25
7791,20
7792,21
7793,21
7794,37
7795,22
7796,31
7797,36
7798,22
7799,35
78,36
780,33
7800,36
7801,22
7802,35
7803,27
7804,30
7805,37
7806,15
7807,32
7808,20
7809,21
781,35
7810,36
7811,26
7812,35
7813,11
7814,27
7815,37
7816,37
7817,17
7818,37
7819,27
782,20
7820,33
7821,31
7822,21
7823,36
7824,17
7825,26
7826,28
7827,35
7828,25
7829,21
783,25
7830,33
7831,27
7832,21
7833,35
7834,36
7835,36
7836,26
7837,22
7838,17
7839,26
784,25
7840,17
7841,21
7842,37
7843,37
7844,28
7845,22
7846,22
7847,25
7848,22
7849,25
785,33
7850,16
7851,28
7852,33
7853,31
7854,25
7855,28
7856,17
7857,37
7858,27
7859,26
786,32
7860,25
7861,17
7862,21
7863,22
7864,17
7865,28
7866,11
7867,20
7868,37
7869,31
787,21
7870,26
7871,12
7872,25
7873,33
7874,26
7875,25
7876,33
7877,37
7878,25
7879,26
788,36
7880,12
7881,17
7882,25
7883,36
7884,27
7885,17
7886,28
7887,37
7888,25
7889,33
789,22
7890,15
7891,37
7892,22
7893,32
7894,22
7895,20
7896,17
7897,37
7898,31
7899,27
79,32
790,31
7900,27
7901,15
7902,37
7903,20
7904,27
7905,22
7906,26
7907,35
7908,21
7909,28
791,37
7910,21
7911,22
7912,17
7913,17
7914,20
7915,17
7916,27
7917,27
7918,28
7919,30
792,22
7920,35
7921,25
7922,11
7923,16
7924,30
7925,36
7926,17
7927,12
7928,21
7929,25
793,37
7930,33
7931,20
7932,17
7933,21
7934,22
7935,36
7936,16
7937,21
7938,26
7939,25
794,22
7940,22
7941,32
7942,37
7943,15
7944,20
7945,22
7946,16
7947,15
7948,28
7949,22
795,27
7950,22
7951,31
7952,15
7953,37
7954,27
7955,12
7956,30
7957,25
7958,22
7959,30
796,35
7960,32
7961,22
7962,32
7963,22
7964,15
7965,25
7966,33
7967,25
7968,21
7969,12
797,12
7970,31
7971,22
7972,15
7973,27
7974,32
7975,30
7976,17
7977,31
7978,26
7979,22
798,11
7980,28
7981,33
7982,16
7983,25
7984,25
7985,37
7986,27
7987,21
7988,22
7989,25
799,25
7990,22
7991,30
7992,31
7993,22
7994,25
7995,36
7996,16
7997,32
7998,25
7999,27
8,33
80,37
800,31
8000,26
8001,33
8002,30
8003,31
8004,20
8005,31
8006,22
8007,35
8008,20
8009,16
801,32
8010,36
8011,22
8012,22
8013,22
8014,31
8015,32
8016,22
8017,36
8018,17
8019,22
802,11
8020,32
8021,21
8022,17
8023,21
8024,31
8025,25
8026,22
8027,22
8028,28
8029,35
803,35
8030,37
8031,28
8032,27
8033,26
8034,25
8035,20
8036,27
8037,27
8038,31
8039,17
804,17
8040,31
8041,17
8042,36
8043,26
8044,36
8045,37
8046,20
8047,16
8048,26
8049,22
805,33
8050,15
8051,27
8052,26
8053,25
8054,15
8055,25
8056,21
8057,36
8058,27
8059,16
806,30
8060,22
8061,31
8062,22
8063,27
8064,27
8065,37
8066,33
8067,35
8068,22
8069,30
807,36
8070,28
8071,17
8072,26
8073,15
8074,21
8075,17
8076,28
8077,36
8078,17
8079,36
808,25
8080,35
8081,35
8082,16
8083,32
8084,35
8085,33
8086,37
8087,28
8088,37
8089,22
809,35
8090,22
8091,35
8092,12
8093,31
8094,37
8095,28
8096,26
8097,31
8098,37
8099,37
81,35
810,31
8100,22
8101,25
8102,33
8103,36
8104,22
8105,27
8106,22
8107,26
8108,27
8109,30
811,30
8110,33
8111,17
8112,36
8113,33
8114,36
8115,28
8116,12
8117,12
812,21
813,36
814,35
815,36
816,12
817,28
818,27
819,17
82,32
820,11
821,30
822,27
823,35
824,32
825,28
826,17
827,36
828,21
829,32
83,25
830,22
831,12
832,21
833,30
834,36
835,37
836,25
837,17
838,20
839,36
84,27
840,26
841,17
842,30
843,12
844,12
845,26
846,16
847,32
848,15
849,33
85,33
850,15
851,28
852,35
853,36
854,22
855,25
856,36
857,36
858,26
859,25
86,36
860,37
861,25
862,37
863,22
864,35
865,28
866,35
867,35
868,11
869,17
87,37
870,36
871,27
872,35
873,26
874,30
875,28
876,15
877,31
878,35
879,35
88,20
880,36
881,30
882,25
883,28
884,16
885,30
886,25
887,37
888,20
889,15
89,33
890,32
891,35
892,37
893,11
894,25
895,22
896,35
897,20
898,20
899,26
9,35
90,31
900,27
901,37
902,22
903,26
904,37
905,22
906,36
907,35
908,17
909,30
91,12
910,26
911,20
912,22
913,28
914,37
915,25
916,21
917,22
918,32
919,27
92,26
920,22
921,26
922,35
923,30
924,22
925,25
926,17
927,22
928,33
929,25
93,30
930,31
931,25
932,17
933,25
934,37
935,17
936,12
937,22
938,25
939,25
94,15
940,37
941,35
942,36
943,36
944,15
945,37
946,32
947,31
948,37
949,33
95,17
950,22
951,36
952,37
953,26
954,20
955,27
956,17
957,25
958,37
959,12
96,25
960,21
961,36
962,27
963,11
964,21
965,22
966,36
967,16
968,25
969,22
97,20
970,36
971,17
972,36
973,22
974,36
975,37
976,27
977,25
978,15
979,22
98,25
980,25
981,17
982,22
983,27
984,33
985,36
986,20
987,25
988,28
989,16
99,32
990,15
991,16
992,35
993,22
994,25
995,17
996,22
997,31
998,22
999,22
